Time	HighH	HighM	HighL	MiddleH	MiddleM	MiddleL	LowH	LowM	LowL	Tot
31.0000	0.0000	0.0000	0.0000	0.0000	0.0000	0.0000	0.0000	0.0000	0.0000	0.0000
1801.0000	0.0000	0.0000	0.0000	0.0000	0.0000	0.0583	0.0000	0.0062	0.0097	0.0128
3609.0000	0.5000	0.0000	0.0238	0.0000	0.0200	0.0577	0.0196	0.0127	0.0174	0.0211
5406.0000	0.2500	0.0000	0.0328	0.0000	0.0267	0.0617	0.0592	0.0385	0.0311	0.0362
7204.0000	0.2000	0.0000	0.0732	0.0000	0.0396	0.0636	0.0539	0.0514	0.0414	0.0457
9001.0000	0.4286	0.0800	0.0891	0.0000	0.0556	0.0667	0.0558	0.0591	0.0511	0.0549
10802.0000	0.3750	0.1333	0.0902	0.0000	0.0458	0.0735	0.0602	0.0640	0.0581	0.0611
12600.0000	0.3000	0.1111	0.0845	0.0000	0.0621	0.0811	0.0720	0.0668	0.0630	0.0661
14404.0000	0.2727	0.1190	0.1043	0.0152	0.0597	0.0783	0.0781	0.0803	0.0694	0.0727
16206.0000	0.3077	0.1087	0.1093	0.0270	0.0619	0.0823	0.0822	0.0835	0.0765	0.0787
18010.0000	0.2667	0.1154	0.1238	0.0723	0.0714	0.0868	0.0862	0.0912	0.0823	0.0850
19800.0000	0.2500	0.1579	0.1121	0.0889	0.0800	0.0986	0.1007	0.0911	0.0891	0.0916
21602.0000	0.2222	0.1613	0.1061	0.0909	0.0833	0.0984	0.1119	0.0980	0.0927	0.0954
23400.0000	0.2000	0.1791	0.1212	0.1111	0.0800	0.1064	0.1089	0.1027	0.0980	0.1006
25200.0000	0.1905	0.1831	0.1197	0.1026	0.0767	0.1123	0.1083	0.1077	0.1008	0.1035
27013.0000	0.2174	0.1818	0.1155	0.1032	0.0853	0.1145	0.1155	0.1116	0.1049	0.1075
28805.0000	0.2083	0.1951	0.1273	0.1119	0.0977	0.1236	0.1233	0.1146	0.1081	0.1119
30604.0000	0.1923	0.1839	0.1224	0.1189	0.1038	0.1238	0.1240	0.1178	0.1134	0.1159
32410.0000	0.2143	0.1848	0.1322	0.1184	0.1022	0.1259	0.1269	0.1220	0.1164	0.1190
34200.0000	0.2069	0.1856	0.1302	0.1118	0.1032	0.1279	0.1306	0.1216	0.1189	0.1209
36011.0000	0.2258	0.1942	0.1337	0.1294	0.1040	0.1302	0.1291	0.1240	0.1207	0.1229
37804.0000	0.2121	0.1944	0.1348	0.1404	0.1067	0.1315	0.1335	0.1255	0.1221	0.1245
39615.0000	0.2000	0.1858	0.1422	0.1452	0.1123	0.1334	0.1319	0.1307	0.1257	0.1280
41409.0000	0.1892	0.1864	0.1487	0.1385	0.1161	0.1357	0.1304	0.1320	0.1267	0.1291
43205.0000	0.1795	0.1935	0.1485	0.1485	0.1310	0.1365	0.1290	0.1331	0.1273	0.1301
45003.0000	0.1750	0.2093	0.1502	0.1619	0.1338	0.1411	0.1269	0.1359	0.1287	0.1321
46800.0000	0.1667	0.2105	0.1464	0.1606	0.1374	0.1443	0.1259	0.1383	0.1304	0.1338
48606.0000	0.1591	0.2014	0.1484	0.1600	0.1424	0.1459	0.1249	0.1401	0.1318	0.1351
50402.0000	0.1556	0.2014	0.1499	0.1631	0.1406	0.1493	0.1304	0.1397	0.1333	0.1367
52207.0000	0.1702	0.2081	0.1482	0.1694	0.1423	0.1510	0.1293	0.1400	0.1345	0.1377
54000.0000	0.1667	0.2078	0.1549	0.1720	0.1415	0.1516	0.1303	0.1407	0.1352	0.1385
55803.0000	0.1600	0.2138	0.1563	0.1815	0.1434	0.1556	0.1312	0.1423	0.1372	0.1407
57600.0000	0.1569	0.2061	0.1572	0.1760	0.1462	0.1565	0.1320	0.1435	0.1377	0.1412
59406.0000	0.1481	0.2012	0.1584	0.1745	0.1478	0.1554	0.1364	0.1443	0.1387	0.1421
61200.0000	0.1455	0.1943	0.1582	0.1837	0.1494	0.1566	0.1383	0.1461	0.1398	0.1434
63000.0000	0.1579	0.1889	0.1554	0.1815	0.1518	0.1580	0.1381	0.1467	0.1411	0.1444
64800.0000	0.1695	0.1882	0.1621	0.1800	0.1531	0.1581	0.1381	0.1474	0.1418	0.1452
66604.0000	0.1639	0.1832	0.1602	0.1812	0.1531	0.1587	0.1414	0.1480	0.1427	0.1460
68402.0000	0.1613	0.1777	0.1597	0.1830	0.1576	0.1606	0.1435	0.1477	0.1435	0.1468
70200.0000	0.1719	0.1881	0.1584	0.1815	0.1545	0.1610	0.1452	0.1502	0.1443	0.1478
72001.0000	0.1846	0.1893	0.1570	0.1772	0.1536	0.1632	0.1454	0.1504	0.1452	0.1486
73800.0000	0.1940	0.1887	0.1604	0.1871	0.1536	0.1627	0.1453	0.1510	0.1451	0.1487
75608.0000	0.1912	0.1843	0.1624	0.1852	0.1519	0.1628	0.1470	0.1514	0.1458	0.1493
77403.0000	0.1857	0.1810	0.1621	0.1806	0.1535	0.1623	0.1477	0.1506	0.1463	0.1494
79200.0000	0.1972	0.1770	0.1592	0.1848	0.1527	0.1625	0.1474	0.1503	0.1469	0.1498
81002.0000	0.2083	0.1732	0.1568	0.1862	0.1564	0.1626	0.1467	0.1510	0.1476	0.1503
82801.0000	0.2027	0.1730	0.1577	0.1870	0.1566	0.1631	0.1483	0.1515	0.1479	0.1507
84608.0000	0.1974	0.1736	0.1619	0.1883	0.1594	0.1628	0.1478	0.1514	0.1489	0.1515




Type	Created	Started	Relayed	Delivered	deliveryProb
HighH	78	79	43	15	0.1923
HighM	247	229	116	42	0.1700
HighL	971	963	477	156	0.1607
MiddleH	402	403	182	76	0.1891
MiddleM	1213	1243	535	192	0.1583
MiddleL	4940	5046	2033	808	0.1636
LowH	2432	2072	981	363	0.1493
LowM	7524	6323	2993	1139	0.1514
LowL	34608	27274	12508	5160	0.1491
Tol	52415	43632	19868	7951	0.1517
