Time	HighH	HighM	HighL	MiddleH	MiddleM	MiddleL	LowH	LowM	LowL	Tot
31.0000	0.0000	0.0000	0.0000	0.0000	0.0000	0.0000	0.0000	0.0000	0.0000	0.0000
1801.0000	0.0000	0.2500	0.0500	0.0000	0.0800	0.0583	0.0000	0.1049	0.0389	0.0503
3600.0000	0.0000	0.3000	0.1190	0.1333	0.0600	0.1208	0.1078	0.1502	0.0836	0.0993
5405.0000	0.0000	0.2667	0.1967	0.1667	0.1467	0.1494	0.1513	0.1667	0.1244	0.1368
7200.0000	0.0000	0.2000	0.2317	0.1818	0.1584	0.1467	0.1576	0.1913	0.1513	0.1589
9004.0000	0.1429	0.2000	0.2673	0.2439	0.1587	0.1843	0.1793	0.2092	0.1714	0.1805
10800.0000	0.2500	0.2667	0.2975	0.2449	0.1830	0.2010	0.2007	0.2404	0.1952	0.2048
12603.0000	0.3000	0.3056	0.2817	0.2105	0.1977	0.2154	0.2363	0.2500	0.2146	0.2221
14402.0000	0.2727	0.2857	0.2638	0.2424	0.2139	0.2375	0.2519	0.2669	0.2308	0.2382
16200.0000	0.2308	0.3043	0.2842	0.3108	0.2389	0.2549	0.2622	0.2857	0.2458	0.2544
18001.0000	0.3333	0.2885	0.2921	0.3012	0.2540	0.2722	0.2705	0.2995	0.2601	0.2683
19801.0000	0.3750	0.2807	0.3094	0.3000	0.2545	0.2842	0.2912	0.3018	0.2686	0.2767
21600.0000	0.3333	0.3065	0.2898	0.3232	0.2700	0.3016	0.3005	0.3032	0.2784	0.2857
23400.0000	0.4500	0.2985	0.2992	0.3426	0.2646	0.3034	0.3113	0.3075	0.2886	0.2941
25201.0000	0.4286	0.2817	0.3099	0.3333	0.2813	0.3162	0.3248	0.3199	0.2992	0.3051
27000.0000	0.4783	0.2857	0.3069	0.3254	0.3040	0.3243	0.3351	0.3285	0.3056	0.3123
28801.0000	0.4583	0.2683	0.3075	0.3060	0.3308	0.3315	0.3387	0.3345	0.3165	0.3216
30600.0000	0.4231	0.2989	0.3178	0.3007	0.3373	0.3326	0.3384	0.3355	0.3218	0.3257
32400.0000	0.4643	0.3261	0.3196	0.2961	0.3385	0.3391	0.3366	0.3404	0.3283	0.3315
34200.0000	0.4483	0.3196	0.3151	0.3106	0.3411	0.3389	0.3396	0.3470	0.3336	0.3361
36000.0000	0.4194	0.3301	0.3218	0.3176	0.3440	0.3495	0.3545	0.3537	0.3409	0.3438
37804.0000	0.4242	0.3426	0.3357	0.3146	0.3543	0.3549	0.3532	0.3569	0.3463	0.3488
39600.0000	0.4286	0.3540	0.3431	0.3280	0.3514	0.3533	0.3514	0.3619	0.3511	0.3527
41400.0000	0.4324	0.3898	0.3513	0.3231	0.3622	0.3552	0.3558	0.3650	0.3565	0.3576
43200.0000	0.4359	0.4032	0.3691	0.3317	0.3715	0.3643	0.3681	0.3701	0.3596	0.3625
45002.0000	0.4250	0.4031	0.3735	0.3429	0.3710	0.3660	0.3767	0.3717	0.3626	0.3654
46801.0000	0.4048	0.4135	0.3745	0.3532	0.3756	0.3681	0.3768	0.3802	0.3662	0.3694
48602.0000	0.4091	0.4130	0.3736	0.3644	0.3774	0.3749	0.3809	0.3838	0.3698	0.3733
50400.0000	0.4000	0.4097	0.3739	0.3734	0.3764	0.3758	0.3834	0.3824	0.3722	0.3749
52202.0000	0.3830	0.4161	0.3816	0.3802	0.3748	0.3789	0.3871	0.3826	0.3731	0.3761
54000.0000	0.4167	0.4221	0.3855	0.3800	0.3783	0.3815	0.3896	0.3856	0.3757	0.3789
55802.0000	0.4200	0.4214	0.3892	0.3861	0.3803	0.3853	0.3892	0.3868	0.3772	0.3805
57601.0000	0.4118	0.4061	0.3898	0.3933	0.3854	0.3833	0.3860	0.3885	0.3784	0.3813
59400.0000	0.4259	0.4142	0.3871	0.3927	0.3930	0.3845	0.3876	0.3898	0.3810	0.3836
61203.0000	0.4364	0.4000	0.3890	0.3852	0.3886	0.3885	0.3862	0.3925	0.3828	0.3853
63001.0000	0.4211	0.3889	0.3997	0.3767	0.3907	0.3909	0.3831	0.3951	0.3839	0.3866
64805.0000	0.4407	0.3817	0.3997	0.3833	0.3932	0.3901	0.3869	0.3971	0.3849	0.3878
66601.0000	0.4262	0.3822	0.3979	0.3786	0.3951	0.3927	0.3883	0.3978	0.3870	0.3895
68401.0000	0.4516	0.3858	0.4000	0.3849	0.3977	0.3949	0.3876	0.3984	0.3879	0.3906
70200.0000	0.4375	0.4010	0.3992	0.3846	0.4096	0.3968	0.3888	0.4000	0.3892	0.3922
72001.0000	0.4308	0.4126	0.3943	0.3844	0.4113	0.4003	0.3887	0.3996	0.3903	0.3932
73800.0000	0.4179	0.4198	0.4005	0.4064	0.4068	0.4008	0.3906	0.4012	0.3914	0.3944
75602.0000	0.4118	0.4286	0.4047	0.4274	0.4104	0.4026	0.3959	0.4034	0.3924	0.3962
77401.0000	0.4286	0.4389	0.4080	0.4250	0.4090	0.4039	0.3983	0.4038	0.3925	0.3967
79202.0000	0.4366	0.4469	0.4058	0.4239	0.4115	0.4038	0.3987	0.4054	0.3937	0.3978
81000.0000	0.4306	0.4502	0.4079	0.4309	0.4086	0.4039	0.3996	0.4067	0.3959	0.3995
82802.0000	0.4189	0.4430	0.4088	0.4338	0.4105	0.4035	0.3966	0.4084	0.3974	0.4005
84602.0000	0.4079	0.4380	0.4080	0.4300	0.4123	0.4035	0.3979	0.4106	0.3982	0.4014
86400.0000	0.4103	0.4453	0.4068	0.4254	0.4122	0.4053	0.3968	0.4104	0.3988	0.4019




Type	Created	Started	Relayed	Delivered	deliveryProb
HighH	78	261	145	32	0.4103
HighM	247	1070	604	110	0.4453
HighL	971	4198	2132	395	0.4068
MiddleH	402	1785	836	171	0.4254
MiddleM	1213	5194	2336	500	0.4122
MiddleL	4940	18397	7725	2002	0.4053
LowH	2432	8299	3897	965	0.3968
LowM	7524	22412	10210	3088	0.4104
LowL	34608	84029	35660	13802	0.3988
Tol	52415	145645	63545	21065	0.4019
