Time	HighH	HighM	HighL	MiddleH	MiddleM	MiddleL	LowH	LowM	LowL	Tot
8.0000	0.0000	0.0000	0.0000	0.0000	0.0000	0.0000	0.0000	0.0000	0.0000	0.0000
1800.0000	0.0000	0.7500	0.6500	0.5714	0.6400	0.5922	0.6346	0.5494	0.4061	0.4675
3600.0000	0.5000	0.6000	0.6429	0.6000	0.6600	0.6667	0.6569	0.6454	0.5031	0.5538
5400.0000	0.5000	0.7333	0.7377	0.8333	0.7733	0.7329	0.7368	0.6938	0.5934	0.6368
7200.0000	0.8000	0.7000	0.7927	0.8485	0.7822	0.7482	0.7882	0.7251	0.6303	0.6710
9000.0000	0.5714	0.8400	0.7723	0.8293	0.7540	0.7980	0.8167	0.7407	0.6503	0.6915
10800.0000	0.7500	0.8667	0.8182	0.8367	0.7908	0.8154	0.8261	0.7692	0.6816	0.7205
12600.0000	0.8000	0.8056	0.7887	0.8421	0.8531	0.8294	0.8213	0.7930	0.6951	0.7347
14400.0000	0.8182	0.8333	0.8333	0.7727	0.8507	0.8494	0.8312	0.8151	0.7160	0.7543
16200.0000	0.7692	0.8696	0.8087	0.8108	0.8850	0.8547	0.8467	0.8257	0.7223	0.7620
18000.0000	0.7333	0.8846	0.8564	0.8795	0.8690	0.8644	0.8657	0.8316	0.7307	0.7712
19800.0000	0.9375	0.8246	0.8520	0.8778	0.8873	0.8819	0.8791	0.8388	0.7360	0.7783
21600.0000	0.8333	0.8387	0.8449	0.8687	0.8933	0.8919	0.8781	0.8457	0.7397	0.7825
23400.0000	0.9000	0.8657	0.8902	0.8981	0.8831	0.8861	0.8880	0.8529	0.7502	0.7915
25200.0000	0.9048	0.9014	0.8944	0.8974	0.8636	0.8925	0.8903	0.8575	0.7526	0.7943
27000.0000	0.8696	0.8961	0.9010	0.8968	0.8907	0.8958	0.9029	0.8597	0.7553	0.7979
28800.0000	0.8750	0.9024	0.9161	0.9104	0.9123	0.9030	0.9066	0.8654	0.7607	0.8041
30600.0000	0.8846	0.8966	0.9125	0.9161	0.9222	0.9150	0.8946	0.8667	0.7616	0.8057
32400.0000	0.8929	0.8804	0.9174	0.9079	0.9265	0.9112	0.9018	0.8691	0.7616	0.8061
34200.0000	0.8621	0.8866	0.9193	0.9006	0.9200	0.9088	0.9080	0.8713	0.7644	0.8082
36000.0000	0.8710	0.9029	0.9158	0.9118	0.9080	0.9138	0.9086	0.8759	0.7695	0.8126
37800.0000	0.8788	0.8981	0.9220	0.9101	0.9295	0.9165	0.9242	0.8794	0.7717	0.8161
39600.0000	0.8286	0.9027	0.9255	0.8817	0.9330	0.9207	0.9169	0.8780	0.7734	0.8169
41400.0000	0.8649	0.9068	0.9332	0.8872	0.9307	0.9246	0.9223	0.8832	0.7757	0.8200
43200.0000	0.8718	0.8952	0.9216	0.9158	0.9270	0.9249	0.9247	0.8850	0.7754	0.8201
45000.0000	0.8750	0.9070	0.9308	0.9381	0.9363	0.9220	0.9278	0.8853	0.7767	0.8215
46800.0000	0.9286	0.9098	0.9259	0.9404	0.9328	0.9232	0.9252	0.8890	0.7796	0.8239
48600.0000	0.9091	0.9058	0.9286	0.9467	0.9369	0.9288	0.9338	0.8916	0.7798	0.8255
50400.0000	0.9111	0.8958	0.9153	0.9270	0.9375	0.9300	0.9341	0.8902	0.7812	0.8259
52200.0000	0.8936	0.9060	0.9336	0.9339	0.9357	0.9325	0.9323	0.8954	0.7818	0.8276
54000.0000	0.9167	0.8961	0.9357	0.9440	0.9299	0.9340	0.9345	0.8961	0.7841	0.8294
55800.0000	0.9200	0.9182	0.9330	0.9344	0.9398	0.9350	0.9334	0.8958	0.7857	0.8307
57600.0000	0.9020	0.9030	0.9322	0.9363	0.9405	0.9370	0.9349	0.8974	0.7855	0.8310
59400.0000	0.8519	0.8935	0.9208	0.9527	0.9399	0.9357	0.9363	0.8992	0.7868	0.8318
61200.0000	0.9091	0.9029	0.9332	0.9541	0.9463	0.9404	0.9364	0.8993	0.7877	0.8333
63000.0000	0.8947	0.9056	0.9393	0.9384	0.9343	0.9396	0.9366	0.8986	0.7884	0.8333
64800.0000	0.8983	0.8925	0.9423	0.9433	0.9394	0.9378	0.9389	0.9003	0.7876	0.8332
66600.0000	0.8852	0.8901	0.9413	0.9385	0.9422	0.9376	0.9443	0.9017	0.7875	0.8335
68400.0000	0.9032	0.8934	0.9481	0.9338	0.9353	0.9427	0.9421	0.9013	0.7879	0.8340
70200.0000	0.8906	0.9109	0.9442	0.9385	0.9400	0.9409	0.9452	0.9013	0.7879	0.8341
72000.0000	0.9077	0.9126	0.9407	0.9429	0.9405	0.9417	0.9436	0.9011	0.7884	0.8345
73800.0000	0.9104	0.9009	0.9312	0.9561	0.9430	0.9446	0.9479	0.9023	0.7889	0.8354
75600.0000	0.9118	0.9032	0.9329	0.9487	0.9462	0.9459	0.9482	0.9025	0.7901	0.8364
77400.0000	0.9000	0.9095	0.9425	0.9389	0.9430	0.9439	0.9462	0.9054	0.7890	0.8359
79200.0000	0.9296	0.9248	0.9417	0.9402	0.9443	0.9444	0.9474	0.9066	0.7901	0.8370
81000.0000	0.9167	0.9221	0.9419	0.9548	0.9446	0.9451	0.9499	0.9081	0.7911	0.8382
82800.0000	0.9324	0.9156	0.9398	0.9481	0.9484	0.9474	0.9514	0.9081	0.7927	0.8395
84600.0000	0.9079	0.9091	0.9348	0.9517	0.9528	0.9444	0.9496	0.9068	0.7917	0.8383
86400.0000	0.8974	0.9109	0.9331	0.9478	0.9547	0.9494	0.9470	0.9074	0.7927	0.8394




Type	Created	Started	Relayed	Delivered	deliveryProb
HighH	78	8160	7396	70	0.8974
HighM	247	16449	14863	225	0.9109
HighL	971	37825	33960	906	0.9331
MiddleH	402	16246	14597	381	0.9478
MiddleM	1213	27838	25020	1158	0.9547
MiddleL	4940	63455	56565	4690	0.9494
LowH	2432	31856	28732	2303	0.9470
LowM	7524	52775	47775	6827	0.9074
LowL	34608	125547	113861	27435	0.7927
Tol	52415	380151	342769	43995	0.8394
