Time	HighH	HighM	HighL	MiddleH	MiddleM	MiddleL	LowH	LowM	LowL	Tot
8.0000	0.0000	0.0000	0.0000	0.0000	0.0000	0.0000	0.0000	0.0000	0.0000	0.0000
1800.0000	0.0000	0.2500	0.3000	0.0000	0.2800	0.2330	0.2115	0.2160	0.1252	0.1592
3600.0000	0.5000	0.4000	0.3810	0.4000	0.3800	0.3188	0.3235	0.3035	0.2300	0.2619
5401.0000	0.5000	0.4000	0.4098	0.4167	0.4267	0.3941	0.4276	0.3726	0.3028	0.3336
7200.0000	0.6000	0.4500	0.5122	0.3636	0.3960	0.4230	0.4729	0.4309	0.3701	0.3924
9000.0000	0.4286	0.4800	0.5248	0.4390	0.4444	0.4549	0.5100	0.4647	0.4208	0.4373
10800.0000	0.6250	0.4333	0.5372	0.5306	0.4967	0.4853	0.5284	0.5011	0.4575	0.4727
12600.0000	0.6000	0.5000	0.5352	0.5263	0.5198	0.5007	0.5677	0.5156	0.4813	0.4944
14400.0000	0.6364	0.5238	0.5185	0.5303	0.5423	0.5300	0.5995	0.5531	0.5010	0.5174
16200.0000	0.5385	0.5870	0.5792	0.5811	0.5752	0.5390	0.6044	0.5736	0.5229	0.5384
18000.0000	0.6000	0.5769	0.5990	0.6265	0.5913	0.5727	0.6072	0.5842	0.5390	0.5550
19800.0000	0.6875	0.6316	0.6009	0.6222	0.5855	0.5844	0.6264	0.5981	0.5536	0.5688
21600.0000	0.7222	0.6129	0.6041	0.6465	0.6100	0.6008	0.6361	0.6095	0.5671	0.5822
23401.0000	0.7000	0.6119	0.5871	0.6389	0.6154	0.6165	0.6380	0.6175	0.5757	0.5903
25200.0000	0.6667	0.5775	0.6232	0.6581	0.6080	0.6234	0.6439	0.6210	0.5842	0.5978
27000.0000	0.7391	0.5974	0.6073	0.6508	0.6267	0.6330	0.6543	0.6283	0.5948	0.6076
28800.0000	0.7083	0.6098	0.6242	0.6567	0.6642	0.6376	0.6725	0.6378	0.6016	0.6159
30600.0000	0.6923	0.6207	0.6297	0.6364	0.6722	0.6515	0.6733	0.6472	0.6090	0.6237
32400.0000	0.7143	0.6087	0.6336	0.6184	0.6771	0.6507	0.6722	0.6581	0.6158	0.6296
34201.0000	0.7586	0.6701	0.6536	0.6460	0.6695	0.6493	0.6897	0.6637	0.6213	0.6355
36000.0000	0.7097	0.6893	0.6485	0.6412	0.6700	0.6573	0.6981	0.6719	0.6289	0.6427
37800.0000	0.7273	0.6759	0.6667	0.6573	0.6800	0.6636	0.7045	0.6769	0.6338	0.6482
39600.0000	0.6857	0.6726	0.6840	0.6720	0.6920	0.6714	0.7055	0.6773	0.6371	0.6519
41400.0000	0.6757	0.6780	0.6897	0.6769	0.6967	0.6759	0.7055	0.6836	0.6369	0.6534
43200.0000	0.6923	0.6694	0.6845	0.6782	0.6882	0.6753	0.7006	0.6840	0.6392	0.6544
45000.0000	0.7250	0.6512	0.6739	0.6714	0.7118	0.6811	0.7105	0.6888	0.6423	0.6584
46801.0000	0.7143	0.6316	0.6787	0.6789	0.7053	0.6815	0.7132	0.6938	0.6431	0.6597
48600.0000	0.7045	0.6667	0.6850	0.7022	0.7019	0.6844	0.7228	0.6919	0.6441	0.6611
50400.0000	0.7333	0.6667	0.6861	0.7082	0.7074	0.6879	0.7257	0.6937	0.6461	0.6634
52200.0000	0.7660	0.6779	0.6917	0.7190	0.7059	0.6926	0.7264	0.6991	0.6476	0.6659
54000.0000	0.7708	0.6883	0.7018	0.7200	0.7050	0.6964	0.7295	0.7028	0.6498	0.6686
55800.0000	0.7600	0.6855	0.7033	0.7027	0.6927	0.6993	0.7305	0.7059	0.6518	0.6703
57600.0000	0.7647	0.6970	0.7134	0.7041	0.6939	0.6969	0.7286	0.7093	0.6532	0.6717
59400.0000	0.7222	0.7160	0.7145	0.7127	0.7031	0.7012	0.7302	0.7112	0.6563	0.6748
61200.0000	0.7273	0.7086	0.7083	0.7102	0.7036	0.7033	0.7270	0.7138	0.6571	0.6756
63000.0000	0.7368	0.7222	0.7133	0.7123	0.7123	0.7067	0.7233	0.7163	0.6589	0.6777
64800.0000	0.7966	0.7312	0.7129	0.7033	0.7181	0.7072	0.7270	0.7142	0.6601	0.6786
66600.0000	0.7705	0.7330	0.7089	0.6958	0.7206	0.7107	0.7290	0.7155	0.6611	0.6797
68400.0000	0.7742	0.7310	0.7130	0.7003	0.7244	0.7166	0.7287	0.7168	0.6625	0.6816
70202.0000	0.7656	0.7228	0.7110	0.6923	0.7317	0.7171	0.7284	0.7166	0.6642	0.6827
72001.0000	0.7846	0.7379	0.7070	0.7027	0.7314	0.7187	0.7290	0.7161	0.6650	0.6835
73800.0000	0.7910	0.7311	0.7093	0.7076	0.7285	0.7207	0.7349	0.7201	0.6659	0.6851
75600.0000	0.7941	0.7235	0.7094	0.7123	0.7321	0.7197	0.7356	0.7186	0.6659	0.6849
77401.0000	0.7714	0.7240	0.7057	0.7167	0.7307	0.7215	0.7392	0.7191	0.6658	0.6852
79202.0000	0.8028	0.7389	0.7074	0.7174	0.7296	0.7242	0.7416	0.7206	0.6672	0.6868
81000.0000	0.7917	0.7316	0.7127	0.7101	0.7329	0.7240	0.7380	0.7220	0.6685	0.6878
82801.0000	0.7973	0.7468	0.7124	0.7039	0.7410	0.7224	0.7379	0.7268	0.6700	0.6894
84600.0000	0.7895	0.7355	0.7234	0.6972	0.7361	0.7214	0.7361	0.7271	0.6701	0.6894




Type	Created	Started	Relayed	Delivered	deliveryProb
HighH	78	2675	1842	62	0.7949
HighM	247	5625	3882	181	0.7328
HighL	971	15874	10454	716	0.7374
MiddleH	402	6378	4242	282	0.7015
MiddleM	1213	14241	8986	894	0.7370
MiddleL	4940	40580	24293	3578	0.7243
LowH	2432	20813	12964	1794	0.7377
LowM	7524	44229	27476	5472	0.7273
LowL	34608	126316	78030	23204	0.6705
Tol	52415	276731	172169	36183	0.6903
