Time	HighH	HighM	HighL	MiddleH	MiddleM	MiddleL	LowH	LowM	LowL	Tot
8.0000	0.0000	0.0000	0.0000	0.0000	0.0000	0.0000	0.0000	0.0000	0.0000	0.0000
1800.0000	0.0000	0.7500	0.5500	0.4286	0.5600	0.4563	0.3846	0.3951	0.2907	0.3394
3600.0000	1.0000	0.5000	0.5476	0.6000	0.6200	0.5652	0.6373	0.5208	0.4188	0.4669
5400.0000	0.7500	0.6667	0.6066	0.6250	0.6933	0.6515	0.6513	0.6210	0.4930	0.5425
7200.0000	1.0000	0.6500	0.6951	0.6667	0.6832	0.7213	0.6897	0.6801	0.5607	0.6060
9000.0000	0.7143	0.7200	0.7327	0.7073	0.7302	0.7373	0.7371	0.6996	0.5987	0.6395
10801.0000	0.8750	0.7000	0.7213	0.7755	0.7386	0.7435	0.7659	0.7190	0.6363	0.6697
12600.0000	0.7000	0.7500	0.7676	0.7895	0.7627	0.7692	0.7723	0.7399	0.6440	0.6821
14400.0000	0.8182	0.7381	0.7469	0.7727	0.8209	0.7809	0.7859	0.7621	0.6649	0.7016
16200.0000	0.7692	0.7609	0.7377	0.8243	0.8186	0.7928	0.8022	0.7800	0.6743	0.7125
18000.0000	0.9333	0.7692	0.7772	0.8193	0.8254	0.8078	0.8076	0.7808	0.6898	0.7257
19800.0000	0.8750	0.7895	0.7982	0.8222	0.8400	0.8171	0.8370	0.7886	0.6980	0.7351
21601.0000	0.7778	0.8065	0.7755	0.8384	0.8333	0.8293	0.8481	0.8029	0.7054	0.7433
23400.0000	0.8000	0.8060	0.7841	0.8796	0.8523	0.8457	0.8497	0.8065	0.7066	0.7472
25200.0000	0.8095	0.8310	0.8310	0.8547	0.8409	0.8426	0.8504	0.8144	0.7149	0.7542
27000.0000	0.8696	0.8052	0.8350	0.8651	0.8587	0.8485	0.8684	0.8182	0.7234	0.7623
28800.0000	0.8333	0.8537	0.8447	0.8806	0.8647	0.8582	0.8730	0.8173	0.7323	0.7698
30600.0000	0.8462	0.8621	0.8542	0.8811	0.8608	0.8620	0.8747	0.8261	0.7344	0.7730
32400.0000	0.8571	0.8696	0.8540	0.8816	0.8619	0.8628	0.8675	0.8364	0.7381	0.7768
34200.0000	0.8276	0.8660	0.8464	0.8944	0.8737	0.8716	0.8830	0.8386	0.7419	0.7813
36000.0000	0.8710	0.8641	0.8564	0.8941	0.8780	0.8785	0.8928	0.8427	0.7441	0.7848
37800.0000	0.8182	0.8889	0.8582	0.8820	0.8743	0.8805	0.8920	0.8496	0.7484	0.7887
39600.0000	0.8286	0.9027	0.8668	0.8925	0.8750	0.8859	0.8943	0.8498	0.7489	0.7900
41400.0000	0.8108	0.9153	0.8728	0.8769	0.8821	0.8887	0.8938	0.8477	0.7515	0.7918
43200.0000	0.8462	0.8790	0.8742	0.9158	0.8939	0.8857	0.8950	0.8522	0.7539	0.7944
45000.0000	0.8750	0.8760	0.8814	0.9238	0.8854	0.8902	0.8977	0.8567	0.7550	0.7963
46800.0000	0.8571	0.8722	0.8745	0.9083	0.8809	0.8896	0.9001	0.8608	0.7585	0.7989
48600.0000	0.8409	0.8768	0.8755	0.9022	0.8899	0.8918	0.9022	0.8644	0.7608	0.8014
50400.0000	0.8667	0.8542	0.8907	0.9185	0.8878	0.8975	0.8972	0.8608	0.7640	0.8036
52200.0000	0.8936	0.8792	0.8876	0.9091	0.8906	0.8958	0.8974	0.8677	0.7646	0.8050
54001.0000	0.9167	0.8831	0.8995	0.9200	0.8995	0.9037	0.9048	0.8661	0.7639	0.8059
55800.0000	0.9000	0.8742	0.8979	0.8958	0.9014	0.9018	0.9033	0.8636	0.7636	0.8049
57600.0000	0.9020	0.8848	0.8891	0.8914	0.9033	0.9028	0.9046	0.8673	0.7642	0.8058
59400.0000	0.8889	0.8935	0.8894	0.9091	0.9026	0.8992	0.9056	0.8717	0.7655	0.8072
61200.0000	0.8727	0.8914	0.8897	0.9152	0.9078	0.9004	0.9084	0.8732	0.7670	0.8088
63000.0000	0.8772	0.9000	0.8884	0.9144	0.9037	0.9041	0.9078	0.8723	0.7677	0.8093
64800.0000	0.9153	0.8871	0.8846	0.9000	0.9009	0.9025	0.9108	0.8714	0.7697	0.8103
66600.0000	0.8852	0.8953	0.8879	0.9191	0.9015	0.9056	0.9143	0.8732	0.7715	0.8123
68400.0000	0.9032	0.8832	0.9000	0.9369	0.9102	0.9097	0.9139	0.8735	0.7720	0.8136
70200.0000	0.9063	0.8960	0.8973	0.9323	0.9126	0.9080	0.9137	0.8760	0.7727	0.8143
72000.0000	0.8923	0.9078	0.8962	0.9339	0.9148	0.9111	0.9139	0.8792	0.7742	0.8162
73800.0000	0.8806	0.9104	0.8890	0.9327	0.9111	0.9112	0.9165	0.8778	0.7749	0.8163
75600.0000	0.8824	0.9078	0.8918	0.9316	0.9160	0.9133	0.9156	0.8805	0.7759	0.8177
77400.0000	0.8857	0.9050	0.8966	0.9389	0.9145	0.9134	0.9167	0.8790	0.7767	0.8182
79200.0000	0.9155	0.9159	0.8969	0.9293	0.9137	0.9123	0.9155	0.8778	0.7779	0.8186
81000.0000	0.9028	0.9048	0.8980	0.9255	0.9192	0.9149	0.9213	0.8782	0.7780	0.8193
82800.0000	0.8784	0.8987	0.8969	0.9221	0.9260	0.9165	0.9218	0.8787	0.7791	0.8204
84600.0000	0.8684	0.8926	0.9012	0.9288	0.9275	0.9194	0.9227	0.8809	0.7791	0.8211




Type	Created	Started	Relayed	Delivered	deliveryProb
HighH	78	6114	5006	68	0.8718
HighM	247	13244	10850	221	0.8947
HighL	971	31703	25585	875	0.9011
MiddleH	402	14074	11380	373	0.9279
MiddleM	1213	25975	20789	1111	0.9159
MiddleL	4940	61034	48284	4538	0.9186
LowH	2432	31649	25485	2249	0.9248
LowM	7524	54141	43893	6643	0.8829
LowL	34608	132812	108045	27009	0.7804
Tol	52415	370746	299317	43087	0.8220
