Time	HighH	HighM	HighL	MiddleH	MiddleM	MiddleL	LowH	LowM	LowL	Tot
40.0000	0.0000	0.0000	0.0000	0.0000	0.0000	0.0000	0.0000	0.0000	0.0000	0.0000
1800.0000	0.0000	0.0000	0.0000	0.0000	0.0000	0.0000	0.0200	0.0238	0.0064	0.0127
3602.0000	0.0000	0.0000	0.0000	0.1250	0.0000	0.0000	0.0594	0.0536	0.0192	0.0350
5400.0000	0.0000	0.0000	0.0000	0.0833	0.2500	0.0000	0.0921	0.0637	0.0236	0.0499
7200.0000	0.0000	0.0000	0.0000	0.2500	0.2963	0.1154	0.1188	0.0567	0.0421	0.0695
9000.0000	0.0000	0.0000	0.0000	0.4500	0.3529	0.2154	0.1457	0.0716	0.0532	0.0913
10800.0000	0.0000	1.0000	0.0000	0.5417	0.4250	0.2727	0.1902	0.1036	0.0753	0.1233
12600.0000	1.0000	1.0000	0.0000	0.5517	0.4255	0.2889	0.2394	0.1158	0.0876	0.1419
14406.0000	1.0000	0.5000	0.0000	0.6250	0.3889	0.2772	0.2604	0.1373	0.0862	0.1497
16205.0000	1.0000	0.5000	0.2500	0.6216	0.4426	0.3391	0.2932	0.1592	0.1001	0.1718
18010.0000	1.0000	1.0000	0.4000	0.6829	0.4559	0.3566	0.3254	0.2062	0.1146	0.1990
19808.0000	1.0000	0.6667	0.4000	0.6667	0.4933	0.4255	0.3441	0.2223	0.1175	0.2109
21607.0000	1.0000	0.6667	0.8000	0.7347	0.5185	0.4675	0.3727	0.2416	0.1346	0.2327
23406.0000	1.0000	0.6667	0.8333	0.7358	0.5114	0.4970	0.4127	0.2459	0.1431	0.2457
25202.0000	1.0000	0.6667	1.0000	0.7759	0.5368	0.4889	0.4437	0.2675	0.1517	0.2617
27009.0000	1.0000	0.5000	0.8571	0.7581	0.5882	0.4922	0.4671	0.2949	0.1613	0.2781
28806.0000	1.0000	0.7500	0.8571	0.7576	0.6055	0.5171	0.4969	0.3102	0.1743	0.2948
30608.0000	1.0000	0.7500	0.8571	0.7571	0.6293	0.5275	0.5116	0.3193	0.1849	0.3058
32402.0000	1.0000	0.6000	0.7500	0.7703	0.6557	0.5435	0.5203	0.3325	0.1974	0.3181
34204.0000	0.6667	0.8000	0.7500	0.8077	0.6822	0.5455	0.5363	0.3434	0.2072	0.3295
36000.0000	1.0000	1.0000	0.7778	0.7952	0.6912	0.5472	0.5498	0.3453	0.2137	0.3359
37800.0000	1.0000	1.0000	0.7778	0.8046	0.7203	0.5602	0.5732	0.3619	0.2206	0.3487
39600.0000	1.0000	0.8333	0.9000	0.8242	0.7383	0.5735	0.5914	0.3731	0.2347	0.3628
41401.0000	1.0000	1.0000	0.9000	0.8526	0.7436	0.5773	0.5986	0.3823	0.2432	0.3713
43204.0000	1.0000	1.0000	0.9000	0.8788	0.7607	0.5789	0.6113	0.3986	0.2519	0.3828
45002.0000	0.7500	1.0000	0.9091	0.8750	0.7824	0.6203	0.6207	0.4148	0.2591	0.3943
46802.0000	0.7500	0.8571	0.9091	0.8704	0.7797	0.6311	0.6366	0.4282	0.2669	0.4045
48601.0000	1.0000	0.8571	0.8333	0.8929	0.7869	0.6393	0.6467	0.4394	0.2739	0.4133
50400.0000	1.0000	0.8571	0.9167	0.8718	0.7895	0.6459	0.6535	0.4527	0.2850	0.4236
52200.0000	1.0000	0.7500	0.8462	0.8843	0.8173	0.6630	0.6662	0.4673	0.2916	0.4341
54005.0000	1.0000	0.8750	0.7857	0.8960	0.8284	0.6720	0.6719	0.4819	0.3000	0.4439
55800.0000	0.8000	1.0000	0.8571	0.8692	0.8341	0.6769	0.6851	0.4938	0.3087	0.4537
57600.0000	0.8000	0.8889	0.9333	0.8806	0.8525	0.6841	0.6942	0.5007	0.3152	0.4610
59400.0000	1.0000	0.8889	0.9333	0.8913	0.8393	0.7029	0.6995	0.5094	0.3234	0.4688
61203.0000	1.0000	0.8889	1.0000	0.8873	0.8442	0.7183	0.7068	0.5149	0.3309	0.4759
63000.0000	1.0000	0.8889	0.9375	0.8904	0.8445	0.7374	0.7106	0.5253	0.3366	0.4828
64800.0000	1.0000	0.9000	0.9375	0.8742	0.8490	0.7406	0.7191	0.5319	0.3438	0.4896
66600.0000	1.0000	0.9000	0.8824	0.8903	0.8566	0.7522	0.7256	0.5399	0.3500	0.4967
68405.0000	1.0000	1.0000	0.8333	0.8868	0.8527	0.7594	0.7346	0.5476	0.3554	0.5030
70204.0000	1.0000	1.0000	0.8889	0.8896	0.8642	0.7617	0.7443	0.5591	0.3624	0.5116
72000.0000	1.0000	0.9091	0.8947	0.8929	0.8745	0.7729	0.7433	0.5677	0.3693	0.5177
73800.0000	1.0000	1.0000	0.8500	0.9012	0.8746	0.7802	0.7495	0.5773	0.3748	0.5244
75606.0000	0.8571	1.0000	0.9000	0.9091	0.8772	0.7689	0.7573	0.5861	0.3808	0.5306
77408.0000	0.8571	1.0000	0.8571	0.9111	0.8567	0.7745	0.7628	0.5959	0.3872	0.5370
79203.0000	1.0000	0.9167	0.9048	0.9130	0.8595	0.7866	0.7695	0.5997	0.3922	0.5422
81001.0000	1.0000	1.0000	0.9091	0.8995	0.8562	0.7933	0.7720	0.6089	0.3973	0.5476
82800.0000	1.0000	1.0000	0.9091	0.9171	0.8690	0.7997	0.7829	0.6160	0.4055	0.5561
84602.0000	1.0000	0.9231	0.9091	0.9137	0.8777	0.8003	0.7862	0.6234	0.4135	0.5626



Time	HighH	HighM	HighL	MiddleH	MiddleM	MiddleL	LowH	LowM	LowL	Tot
40.0000	0.0000	0.0000	0.0000	0.0000	0.0000	0.0000	1.0000	0.5000	0.3333	0.5000
1800.0000	0.0000	0.0000	0.0000	5.2500	11.1429	7.0769	8.0000	4.4405	2.2548	4.1841
3602.0000	0.0000	0.0000	0.0000	24.1250	22.0769	10.8519	10.7327	5.7381	2.6603	5.8045
5400.0000	0.0000	0.0000	11.0000	42.5833	22.9000	12.1282	11.6184	6.0359	2.6760	6.3560
7200.0000	0.0000	2.0000	49.0000	49.2500	26.2963	13.5192	12.6881	6.1433	2.7861	6.8681
9000.0000	0.0000	87.0000	55.5000	53.5500	26.6765	13.8769	13.2244	6.4081	2.9274	7.2663
10800.0000	0.0000	117.0000	42.0000	55.9167	27.7250	13.8831	13.5672	6.6275	2.9419	7.4221
12600.0000	51.0000	127.0000	44.3333	55.4483	28.0213	13.8333	13.8676	6.6746	2.9677	7.5259
14406.0000	169.0000	78.5000	57.6667	56.5938	28.6481	14.3465	14.0516	6.8164	2.9847	7.6846
16205.0000	238.0000	121.0000	61.2500	56.3514	29.7869	14.6348	14.3370	6.8568	3.0308	7.8717
18010.0000	252.0000	127.5000	51.4000	58.7073	29.2941	14.6124	14.4181	6.9023	3.0522	7.9138
19808.0000	255.0000	85.6667	59.4000	59.2000	29.0533	14.7234	14.5143	6.9241	3.0567	7.9286
21607.0000	255.0000	105.3333	63.6000	59.7959	29.4691	14.7273	14.5567	7.0089	3.0794	7.9865
23406.0000	135.5000	124.0000	53.3333	59.4717	29.0455	14.9401	14.6601	6.9927	3.0953	7.9922
25202.0000	191.5000	127.0000	60.0000	58.3276	29.5579	14.8556	14.7662	7.0511	3.1095	8.0580
27009.0000	236.0000	101.5000	54.8571	59.4032	30.1176	14.9845	14.7868	7.0906	3.1118	8.1067
28806.0000	249.0000	118.5000	55.4286	59.5758	29.8532	15.1073	14.9174	7.1283	3.1299	8.1496
30608.0000	253.0000	126.0000	58.4286	59.8714	29.8534	15.0459	14.9408	7.1277	3.1507	8.1646
32402.0000	253.5000	103.0000	53.8750	60.5000	30.2951	15.0391	14.9485	7.1490	3.1597	8.1780
34204.0000	169.6667	120.4000	62.3750	60.8077	30.5504	15.0661	14.9855	7.1507	3.1675	8.2100
36000.0000	196.6667	127.0000	57.1111	60.7831	30.6176	15.1732	15.0601	7.1884	3.1769	8.2552
37800.0000	217.3333	127.8000	61.8889	60.8966	30.5664	15.2594	15.1745	7.1875	3.1871	8.2861
39600.0000	245.3333	106.8333	56.8000	61.7802	30.8993	15.2473	15.1810	7.2348	3.2056	8.3223
41401.0000	253.6667	118.5000	61.8000	61.9579	30.8013	15.2680	15.1921	7.2599	3.2087	8.3386
43204.0000	254.3333	126.3333	63.8000	62.1111	30.8957	15.2336	15.1660	7.2609	3.2226	8.3449
45002.0000	191.2500	127.6667	63.1818	61.0288	30.8353	15.3291	15.2326	7.2888	3.2325	8.3591
46802.0000	221.0000	120.0000	63.9091	61.6667	30.7797	15.4055	15.2610	7.3144	3.2440	8.3991
48601.0000	250.5000	126.7143	62.6667	61.8571	30.9563	15.4692	15.2482	7.3148	3.2514	8.4204
50400.0000	254.7500	127.5714	63.9167	61.3675	31.1105	15.3343	15.2641	7.3329	3.2567	8.4212
52200.0000	254.7500	114.0000	61.2308	62.0826	31.0152	15.3562	15.3249	7.3536	3.2726	8.4465
54005.0000	254.7500	125.7500	59.5000	62.4800	30.9069	15.4339	15.3491	7.3792	3.2814	8.4724
55800.0000	209.2000	127.6250	63.7857	61.5538	30.9763	15.4615	15.3581	7.3679	3.2841	8.4690
57600.0000	236.6000	113.6667	60.1333	61.9328	31.0645	15.5025	15.3835	7.4007	3.2978	8.4957
59400.0000	247.6000	119.2222	63.0000	62.0000	31.1696	15.4444	15.3931	7.4225	3.3008	8.5092
61203.0000	254.2000	127.0000	63.9333	62.1761	31.1255	15.4812	15.4079	7.4313	3.3117	8.5246
63000.0000	254.8000	127.7778	60.4375	61.9726	31.1555	15.5160	15.3925	7.4529	3.3207	8.5232
64800.0000	255.0000	115.9000	63.3125	61.9007	31.2776	15.5255	15.4545	7.4539	3.3292	8.5411
66600.0000	226.1667	127.1000	60.7647	62.2581	31.1912	15.5539	15.4848	7.4672	3.3375	8.5674
68405.0000	246.6667	127.9000	59.5556	61.9937	31.1938	15.4770	15.4370	7.4775	3.3370	8.5609
70204.0000	254.3333	127.9000	62.3889	62.1472	31.0830	15.5784	15.4811	7.4884	3.3448	8.5783
72000.0000	255.0000	117.0909	62.5789	61.4762	31.2620	15.6275	15.4833	7.4948	3.3523	8.5795
73800.0000	255.0000	126.6364	61.1500	61.8547	30.9677	15.5875	15.5207	7.5052	3.3600	8.5909
75606.0000	218.5714	127.9091	63.4500	61.8977	31.1895	15.5852	15.5216	7.5084	3.3677	8.5944
77408.0000	233.8571	127.9091	60.8571	62.2056	31.1945	15.5860	15.5161	7.5270	3.3720	8.6069
79203.0000	248.8571	119.7500	63.4286	62.7609	31.2910	15.6094	15.5547	7.5307	3.3749	8.6285
81001.0000	254.4286	127.9167	61.0455	62.3016	31.2026	15.5742	15.5520	7.5465	3.3884	8.6348
82800.0000	255.1429	127.9167	63.1364	62.3472	31.1885	15.5976	15.5538	7.5435	3.3943	8.6351
84602.0000	255.1429	118.1538	63.8636	62.4772	31.2665	15.6379	15.5729	7.5642	3.4026	8.6446



Time	HighH	HighM	HighL	MiddleH	MiddleM	MiddleL	LowH	LowM	LowL	Tot
40.0000	0.0000	0.0000	0.0000	0.0000	0.0000	0.0000	0.0000	0.0000	0.0000	0.0000
1800.0000	0.0000	0.0000	0.0000	0.0000	0.0000	0.0000	856.0000	529.5000	418.0000	583.2500
3602.0000	0.0000	0.0000	0.0000	2015.0000	0.0000	0.0000	1382.5000	1333.2222	1233.0000	1350.3182
5400.0000	0.0000	0.0000	0.0000	2015.0000	2788.6000	0.0000	2365.5714	1759.3125	1610.0909	2019.9149
7200.0000	0.0000	0.0000	0.0000	2706.5000	3026.7500	3084.0000	2832.5417	2030.6842	2750.5000	2662.3103
9000.0000	0.0000	0.0000	0.0000	2899.2222	3582.3333	3075.5000	3443.0000	2901.9333	2909.6341	3118.0559
10800.0000	0.0000	3978.0000	0.0000	4197.6154	3647.6471	3972.5714	4361.4483	3808.9423	3580.1000	3903.5216
12600.0000	1404.0000	3978.0000	0.0000	4189.4375	3860.7000	4042.5000	5013.6118	4363.4853	4215.7053	4416.9808
14406.0000	1404.0000	3978.0000	0.0000	4103.1500	3731.3333	4410.3214	5509.2736	4829.4565	4443.9813	4768.8590
16205.0000	1404.0000	3978.0000	10599.0000	4263.1304	3649.9259	4443.2564	5983.5149	5507.5833	5192.2071	5299.3374
18010.0000	1404.0000	3807.5000	6337.5000	4607.4643	4111.1613	5331.0652	6388.8848	6246.9538	5970.2697	5944.0495
19808.0000	1404.0000	3807.5000	6337.5000	4499.0667	5003.5676	6739.2333	6646.9010	6656.1902	6295.7811	6373.0521
21607.0000	1404.0000	3807.5000	7085.0000	5069.3611	5394.7619	6961.2500	7077.1145	7076.3045	7088.2988	6893.9134
23406.0000	1279.5000	3807.5000	8159.8000	5028.2308	5529.5111	6920.8916	7420.2831	7462.7836	7516.8828	7225.2237
25202.0000	1279.5000	3807.5000	7220.3333	5054.0889	6102.4118	7175.2500	7718.1048	8064.8153	8196.1843	7712.3631
27009.0000	1279.5000	3807.5000	7220.3333	5060.9149	6064.0000	7134.6947	8171.7239	8648.7898	8605.6587	8127.3533
28806.0000	1279.5000	5599.3333	7220.3333	5382.1600	6929.9394	7539.9245	8449.3573	8834.4255	9026.8716	8470.6472
30608.0000	1279.5000	5599.3333	7220.3333	5499.4906	7637.1918	7594.5826	8727.5261	9373.2879	9514.5703	8889.8005
32402.0000	1279.5000	5599.3333	7220.3333	5411.0702	8139.5000	7612.7840	8970.9558	9896.0239	10020.9604	9287.8166
34204.0000	1279.5000	4584.2500	7220.3333	5402.0317	8415.6364	8360.7197	9237.9749	10351.3949	10633.1138	9739.7913
36000.0000	1672.0000	5727.6000	6722.0000	5636.1061	8251.5000	8288.2302	9514.9964	10456.9309	10796.7051	9889.8188
37800.0000	1672.0000	5727.6000	6722.0000	5612.4714	8146.3981	8624.9866	9772.9133	10968.1821	11247.0773	10263.5985
39600.0000	1672.0000	5727.6000	6818.6667	5545.0667	8176.3364	9640.3313	10162.4591	11437.5247	11959.0235	10798.5395
41401.0000	1672.0000	5156.8333	6818.6667	5567.4938	8157.7069	9813.8274	10403.1920	11879.3256	12597.6811	11207.8615
43204.0000	1672.0000	5156.8333	6818.6667	5728.2414	8172.1290	9967.7045	10695.6223	12508.1995	12921.9725	11589.6840
45002.0000	1672.0000	5156.8333	6216.4000	5575.2637	8655.6090	10420.7959	10835.6048	12829.4614	13378.1453	11913.1793
46802.0000	1672.0000	5156.8333	6216.4000	5567.6915	8747.7319	10722.6715	11032.5125	13193.3065	13637.3690	12189.7420
48601.0000	2216.0000	5156.8333	6216.4000	5776.0900	8786.7500	10954.9083	11255.9063	13706.0272	13968.2941	12528.9687
50400.0000	2216.0000	5156.8333	6533.7273	5862.7647	8698.7467	11222.0614	11368.3233	14027.2750	14662.4787	12922.4187
52200.0000	2216.0000	5156.8333	6533.7273	5843.8131	8812.0062	11229.8182	11524.7265	14290.3066	15283.6480	13253.5271
54005.0000	2216.0000	5514.1429	6533.7273	5875.0536	9208.5030	11463.4016	11718.7984	14683.8811	15751.8633	13619.8906
55800.0000	2216.0000	5138.6250	6075.0000	5906.9735	9215.5227	11768.3826	12066.3593	14991.5725	16205.8312	13982.6410
57600.0000	2216.0000	5138.6250	6307.9286	5776.3475	9107.3892	11924.6291	12188.1590	15192.3785	16736.8235	14257.9232
59400.0000	2595.4000	5138.6250	6307.9286	5848.9350	9010.8085	12244.0619	12406.2485	15441.3504	17306.3052	14613.2275
61203.0000	2595.4000	5138.6250	6069.4667	5872.4683	9014.3077	12239.9412	12587.8639	15771.3288	17682.1433	14895.3601
63000.0000	2595.4000	5138.6250	6069.4667	5827.6000	9053.4776	12429.6811	12651.1870	16146.7810	18014.0847	15160.9459
64800.0000	2595.4000	5255.7778	6069.4667	5843.4167	9073.0000	12593.0659	12832.6093	16455.2963	18492.8350	15488.0450
66600.0000	2388.6667	5255.7778	6069.4667	5973.0942	9053.7442	12754.0372	13011.1072	16769.8565	18745.5047	15728.2996
68405.0000	2388.6667	4965.2000	6069.4667	5990.6809	9069.4091	12681.5702	13026.3296	17056.5356	18936.1418	15890.0065
70204.0000	2388.6667	4965.2000	6164.5625	5990.4000	9072.3755	12619.9358	13167.7692	17456.0438	19489.4150	16244.2638
72000.0000	2388.6667	4965.2000	6156.1765	6109.1800	9126.9325	12976.6907	13283.1286	17786.9568	20058.8977	16615.3266
73800.0000	2388.6667	4649.3636	6156.1765	6088.3290	9171.5779	13201.5935	13404.5734	17995.5763	20391.9242	16849.5790
75606.0000	2388.6667	4649.3636	6049.9444	6236.7875	9139.6680	13185.0911	13507.7396	18436.9408	20674.3954	17122.4298
77408.0000	2388.6667	4649.3636	6049.9444	6229.5000	9151.7211	13372.6659	13566.4889	18747.9743	21137.9351	17430.7901
79203.0000	2499.4286	4649.3636	5958.2632	6167.0060	9133.5097	13678.4345	13785.4569	19067.5747	21569.9200	17751.7839
81001.0000	2499.4286	4423.6667	5804.8500	6167.7000	9108.3435	13727.3742	13832.7462	19323.5853	21926.5373	17988.6772
82800.0000	2499.4286	4423.6667	5804.8500	6214.1977	9269.7279	13696.3585	13890.9337	19563.3648	22449.0503	18276.4707
84602.0000	2499.4286	4423.6667	5804.8500	6259.0722	9349.7643	13650.3129	14134.1293	19738.8862	22815.6732	18547.8483







Type	Created	Started	Relayed	Delivered	deliveryProb	开销率	平均延迟
HighH	7	1786	1786	7	1.0000	255.1429	2499.4286
HighM	13	1615	1611	12	0.9231	124.2308	4423.6667
HighL	23	1431	1430	21	0.9130	62.2174	6363.7619
MiddleH	201	12604	12591	184	0.9154	62.7065	6224.1196
MiddleM	326	10183	10176	290	0.8896	31.2362	9264.3966
MiddleL	603	9441	9427	484	0.8027	15.6567	13734.5826
LowH	2431	37822	37781	1915	0.7877	15.5582	14311.8794
LowM	4017	30407	30346	2523	0.6281	7.5696	19978.3143
LowL	7514	25614	25516	3134	0.4171	3.4088	23258.2629
Tol	15135	130903	130664	8570	0.5662	8.6490	18831.6922
