Time	HighH	HighM	HighL	MiddleH	MiddleM	MiddleL	LowH	LowM	LowL	Tot
33.0000	0.0000	0.0000	0.0000	0.0000	0.0000	0.0000	0.0000	0.0000	0.0000	0.0000
1800.0000	0.0000	0.0000	0.0000	0.5000	0.7143	0.2308	0.3200	0.2262	0.1210	0.2032
3600.0000	0.0000	0.0000	0.0000	0.7500	0.8462	0.6296	0.5743	0.3452	0.2308	0.3529
5400.0000	0.0000	0.0000	1.0000	0.8333	0.8000	0.7179	0.6184	0.5139	0.2972	0.4419
7200.0000	0.0000	0.0000	1.0000	0.8125	0.8519	0.7500	0.7228	0.5672	0.3626	0.5071
9000.0000	0.0000	1.0000	1.0000	0.8000	0.8824	0.7231	0.7992	0.5823	0.4437	0.5644
10800.0000	0.0000	1.0000	0.6667	0.9583	0.9000	0.8701	0.8066	0.6594	0.4995	0.6215
12600.0000	1.0000	1.0000	1.0000	0.9310	0.8936	0.8556	0.8371	0.7077	0.5388	0.6584
14400.0000	1.0000	1.0000	1.0000	0.9063	0.9074	0.8713	0.8673	0.7250	0.5919	0.6946
16200.0000	1.0000	1.0000	0.7500	0.8649	0.9344	0.8435	0.8515	0.7620	0.6253	0.7172
18000.0000	1.0000	1.0000	1.0000	0.9268	0.9118	0.8915	0.8740	0.7990	0.6541	0.7475
19800.0000	1.0000	0.6667	1.0000	0.9556	0.9324	0.9078	0.8945	0.8107	0.6732	0.7645
21607.0000	1.0000	1.0000	1.0000	1.0000	0.9753	0.9156	0.9033	0.8247	0.6952	0.7827
23400.0000	1.0000	1.0000	0.8333	0.9811	0.9432	0.9042	0.9242	0.8408	0.7148	0.7984
25200.0000	1.0000	1.0000	1.0000	0.9655	0.9789	0.9056	0.9099	0.8598	0.7353	0.8122
27000.0000	1.0000	1.0000	0.8571	0.9355	0.9510	0.9016	0.9211	0.8587	0.7540	0.8217
28800.0000	1.0000	1.0000	1.0000	0.9545	0.9358	0.9415	0.9248	0.8624	0.7714	0.8336
30600.0000	1.0000	1.0000	1.0000	0.9714	0.9739	0.9450	0.9304	0.8698	0.7828	0.8434
32400.0000	1.0000	0.8000	0.8750	0.9595	0.9754	0.9478	0.9376	0.8777	0.7906	0.8501
34200.0000	1.0000	1.0000	1.0000	0.9872	0.9767	0.9504	0.9502	0.8897	0.8008	0.8612
36000.0000	1.0000	1.0000	0.8889	0.9759	0.9779	0.9449	0.9537	0.8923	0.8022	0.8627
37800.0000	1.0000	1.0000	1.0000	0.9885	0.9580	0.9511	0.9485	0.8993	0.8132	0.8693
39600.0000	1.0000	1.0000	0.9000	0.9780	0.9667	0.9462	0.9579	0.8973	0.8201	0.8734
41400.0000	1.0000	1.0000	1.0000	0.9895	0.9809	0.9622	0.9554	0.9075	0.8297	0.8817
43200.0000	1.0000	1.0000	1.0000	0.9798	0.9816	0.9605	0.9532	0.9183	0.8359	0.8871
45000.0000	1.0000	1.0000	0.9091	0.9712	0.9706	0.9462	0.9574	0.9273	0.8388	0.8905
46800.0000	1.0000	1.0000	1.0000	0.9907	0.9548	0.9543	0.9583	0.9283	0.8452	0.8944
48606.0000	1.0000	1.0000	1.0000	0.9911	0.9783	0.9472	0.9577	0.9279	0.8543	0.8990
50400.0000	1.0000	1.0000	1.0000	0.9829	0.9843	0.9660	0.9627	0.9292	0.8580	0.9027
52200.0000	1.0000	1.0000	0.9231	0.9752	0.9848	0.9671	0.9592	0.9242	0.8618	0.9026
54000.0000	1.0000	1.0000	0.9286	0.9680	0.9755	0.9682	0.9671	0.9322	0.8718	0.9107
55800.0000	1.0000	1.0000	1.0000	0.9846	0.9858	0.9614	0.9663	0.9344	0.8763	0.9137
57600.0000	1.0000	0.8889	0.9333	0.9776	0.9771	0.9726	0.9643	0.9391	0.8785	0.9157
59400.0000	1.0000	1.0000	1.0000	0.9855	0.9732	0.9637	0.9660	0.9402	0.8819	0.9178
61200.0000	1.0000	1.0000	1.0000	0.9789	0.9913	0.9624	0.9647	0.9424	0.8818	0.9183
63000.0000	1.0000	1.0000	1.0000	0.9795	0.9832	0.9680	0.9702	0.9423	0.8857	0.9212
64800.0000	1.0000	0.9000	1.0000	0.9868	0.9755	0.9755	0.9693	0.9403	0.8862	0.9209
66600.0000	1.0000	1.0000	1.0000	0.9806	0.9802	0.9719	0.9691	0.9428	0.8904	0.9236
68400.0000	1.0000	1.0000	0.9444	0.9874	0.9845	0.9748	0.9710	0.9431	0.8933	0.9256
70200.0000	1.0000	1.0000	0.9444	0.9816	0.9774	0.9775	0.9672	0.9461	0.8982	0.9281
72000.0000	1.0000	0.9091	0.9474	0.9762	0.9816	0.9760	0.9670	0.9463	0.9024	0.9301
73800.0000	1.0000	1.0000	0.9500	0.9884	0.9892	0.9747	0.9731	0.9508	0.9009	0.9319
75600.0000	0.8571	1.0000	1.0000	0.9830	0.9825	0.9658	0.9737	0.9517	0.9013	0.9319
77409.0000	1.0000	1.0000	0.9524	0.9833	0.9863	0.9722	0.9739	0.9567	0.9042	0.9350
79200.0000	1.0000	1.0000	1.0000	0.9946	0.9799	0.9710	0.9771	0.9555	0.9058	0.9360
81000.0000	1.0000	1.0000	0.9545	0.9947	0.9771	0.9717	0.9772	0.9512	0.9139	0.9388
82800.0000	1.0000	1.0000	1.0000	0.9793	0.9776	0.9705	0.9756	0.9556	0.9160	0.9406
84600.0000	1.0000	0.9231	1.0000	0.9949	0.9906	0.9695	0.9761	0.9555	0.9182	0.9422




Type	Created	Started	Relayed	Delivered	deliveryProb
HighH	7	1840	1785	7	1.0000
HighM	13	1815	1663	13	1.0000
HighL	23	1576	1465	23	1.0000
MiddleH	201	13894	12696	200	0.9950
MiddleM	326	11614	10354	323	0.9908
MiddleL	601	10865	9553	589	0.9800
LowH	2435	43649	38676	2377	0.9762
LowM	4019	36162	31835	3840	0.9555
LowL	7524	33148	29380	6914	0.9189
Tol	15149	154563	137407	14286	0.9430
